receptor = fxr_minimized.pdbqt
exhaustiveness  = 8
center_x = 38.786509182
center_y = 47.6342170936
center_z = 50.9746975657
size_x = 29.5513367253
size_y = 24.3627647632
size_z = 28.9001336865